S1_01 1.1881 1.7304 0.985 8.059 0.02031       
S1_02 1.1881 1.7304 0.985 8.059 0.02031       
S1_03 7.6496 3.0111 0.9999 10.9386 0.0388
S1_04 6.0940 3.0325 1.0000 11.2211 0.0330     
S1_05 6.3891 2.7980 1.0000 10.3759 0.0505     
S2_01 42.4055 3.4928 0.9492 10.6535 0.0321    
S2_02 3.3760 2.8586 1.0000 11.7000 0.0301
S2_03 1.0741 1.4925 0.9909 8.9135 0.0338
S2_04 1.0602 1.3793 0.9988 6.3110 0.0473
S2_05 1.0602 1.3793 0.9988 6.3110 0.0473
S2_06 1.0791 1.3748 0.8790 4.1775 0.1213
S2_07 1.1167 1.3024 0.9988 6.3110 0.0473     
S2_08 1.0563 1.3997 0.8833 6.8139 0.0383
S2_09 1.1358 1.3613 0.9938 4.3104 0.1176
S2_10 1.0421 1.4455 0.9363 8.5076 0.0320
S2_11 1.0602 1.3793 0.9988 6.3110 0.0473     
S2_12 1.0602 1.3793 0.9988 6.3110 0.0473     
S2_13 3.6096 2.7903 1.0000 10.2496 0.0354
S2_14 1.0602 1.3793 0.9988 6.3110 0.0473     
S2_15 4.5423 2.8899 1.0000 11.1261 0.0341
S2_16 1.75610 1.6540 0.8 4.52 0.1806          
S2_17 1.1377 1.3064 0.8540 4.5067 0.0944
S2_18 1.1562 1.422 0.88 5.721 0.0846          
S2_19 1.1032 1.3805 0.7988 4.9997 0.0673
S2_20 1.1514 1.1916 0.9900 2.8104 0.271
S2_21 1.1562 1.422 0.88 5.721 0.0846          
S2_22 1.1562 1.422 0.88 5.721 0.0846          
S2_23 1.1562 1.422 0.88 5.721 0.0846          
S2_24 1.1562 1.422 0.88 5.721 0.0846          
S2_25 1.1562 1.422 0.88 5.721 0.0846          
S2_26 1.1562 1.422 0.88 5.721 0.0846          
S2_27 1.1562 1.422 0.88 5.721 0.0846          
S2_28 1.1562 1.422 0.88 5.721 0.0846          
S2_29 1.1562 1.422 0.88 5.721 0.0846          
S2_30 1.1562 1.422 0.8432 3.7494 0.1776
S2_31 1.1562 1.422 0.88 5.721 0.0846          
S2_32 1.1562 1.422 0.88 5.721 0.0846          