S1_01 -0.1 0.4 0.001
S1_02 -0.1 0.4 0.001
S1_03 -0.1 0.4 0.001
S1_04 -0.1 0.4 0.001
S1_05 -0.1 0.4 0.001
S2_01 0.05 0.1 0.0005
S2_02 0.07 0.1 0.0001
S2_03 -0.1 0.4 0.002
S2_04 -0.1 0.4 0.002
S2_05 -0.1 0.4 0.002
S2_06 -0.1 0.4 0.002
S2_07 -0.1 0.4 0.003
S2_08 -0.1 0.4 0.003
S2_09 -0.1 0.4 0.003
S2_10 -0.1 0.4 0.002
S2_11 -0.1 0.4 0.002
S2_12 -0.1 0.4 0.002
S2_13 -0.1 0.4 0.0004
S2_14 -0.1 0.4 0.002
S2_15 -0.1 0.4 0.0003
S2_16 -0.1 0.4 0.002
S2_17 -0.1 0.8 0.004
S2_18 -0.1 0.8 0.004
S2_19 -0.1 0.8 0.004
S2_20 -0.1 1.2 0.006
S2_21 -0.1 1.2 0.004
S2_22 -0.1 1.2 0.004
S2_23 -0.1 1.2 0.004
S2_24 -0.1 1.2 0.006
S2_25 -0.1 1.2 0.006
S2_26 -0.1 1.2 0.006
S2_27 -0.1 1.2 0.006
S2_28 -0.1 1.2 0.006
S2_29 -0.1 1.2 0.006
S2_30 -0.1 1.2 0.006
S2_31 -0.1 1.2 0.006
S2_32 -0.1 1.2 0.006