S1_01 1.1881 1.7304 0.985 8.059 0.02031
S1_02 1.1881 1.7304 0.985 8.059 0.02031
S1_03 1.453 1.9949 0.985 8.059 0.05031
S1_04 44.90037320429601 3.0767784921610546 0.8714472561484982 11.221932459564648 0.06671891464021915
S1_05 2.434368917194607 2.8148598234511635 0.8803535876320693 9.991781006150516 0.021855684819322957
S2_01 184.609 3.1544 1 11.7 0.07
S2_02 184.609 3.1544 1 11.7 0.0809619828
S2_03 1.224 1.599 1 8 0.07
S2_04 1.224 1.599 1 8 0.07
S2_05 1.224 1.599 1 8 0.07
S2_06 1.1562 1.422 0.88 5.721 0.0846
S2_07 1.1562 1.422 0.88 5.721 0.0846
S2_08 1.1562 1.422 0.88 5.721 0.0846
S2_09 1.1562 1.422 0.88 5.721 0.0846
S2_10 1.1562 1.422 0.88 5.721 0.0846
S2_11 1.1562 1.422 0.88 5.721 0.0846
S2_12 1.0558537060317903 0.9197106103583594 0.8098625711392247 3.889619399462763 0.11852255554889436
S2_13 1.1562 1.422 0.88 5.721 0.0846
S2_14 1.1562 1.422 0.88 5.721 0.0846
S2_15 191.101 3.0896 1 10.721 0.09
S2_16 1.756105054588781 1.6540441467980415 0.8 4.524759098732444 0.180600369242413
S2_17 1.1562 1.422 0.88 5.721 0.0846
S2_18 1.1562 1.422 0.88 5.721 0.0846
S2_19 1.1562 1.422 0.88 5.721 0.0846
S2_20 1.1562 1.422 0.88 5.721 0.2
S2_21 1.1562 1.422 0.88 5.721 0.0846
S2_22 1.1562 1.422 0.88 5.721 0.0846
S2_23 1.1562 1.422 0.88 5.721 0.0846
S2_24 1.1562 1.422 0.88 5.721 0.0846
S2_25 1.1562 1.422 0.88 5.721 0.0846
S2_26 1.1562 1.422 0.88 5.721 0.0846
S2_27 1.1562 1.422 0.88 5.721 0.0846
S2_28 1.1562 1.422 0.88 5.721 0.0846
S2_29 1.1562 1.422 0.88 5.721 0.0846
S2_30 1.1562 1.422 0.88 5.721 0.0846
S2_31 1.1562 1.422 0.88 5.721 0.0846
S2_32 1.1562 1.422 0.88 5.721 0.0846